$ 1 0.000005 10.20027730826997 50 5 50 5e-11
v 96 400 96 96 0 0 40 9 0 0 0.5
w 96 96 176 96 0
r 176 96 304 96 0 220
w 304 96 400 96 0
w 400 96 576 96 0
s 400 96 400 176 0 0 false
r 400 176 400 320 0 470
w 400 320 400 400 0
s 576 96 576 176 0 0 false
r 576 176 576 320 0 1000
w 576 320 576 400 0
w 576 400 400 400 0
w 400 400 304 400 0
370 304 400 176 400 1 0 0
w 176 400 96 400 0
w 176 96 176 32 0
w 304 96 304 32 0
p 176 32 304 32 1 0 0
x 176 -8 330 11 0 16 P1 Anzeige U1
x 222 132 262 151 0 16 R1
x 424 140 520 159 0 16 S1 Rack-Tür
x 600 140 690 159 0 16 S2 Raumtür
x 352 256 392 275 0 16 R2
x 528 256 568 275 0 16 R3
x 172 440 330 459 0 16 Gesamtstrom I
x 24 256 80 275 0 16 9 V
